INSERT INTO `data`(`Country`, `year`, `yearone`, `yeartwo`, `yearthree`, `yearfour`, `yearfive`, `yearsix`, `yearseven`, `yeareight`, `yearnine`, `yearten`) VALUES 
 ('Australia',1778,1774,1771,1766,1755,1751,1739,1738,1733,1722,1683),     
 ('Austria',1552,1557,1535,1520,1510,1495,1507,1498,1502,1509,1400),       
 ('Belgium',1574,1590,1587,1586,1582,1575,1574,1578,1580,1576,1481),       
 ('Canada',1715,1713,1722,1716,1710,1712,1706,1695,1708,1690,1644),        
 ('Chile',2070,2050,2027,2021,1994,1994,1978,1963,1956,1930,1825),         
 ('Colombia',0,0,0,0,0,2194,2191,2170,2181,2172,0), 
 ('CostaRica',2243,2285,2233,2141,2122,2148,2205,2179,2121,2060,1913),     
 ('CzechRepublic',1799,1805,1776,1764,1774,1751,1774,1776,1785,1784,1705), 
 ('Denmark',1422,1437,1423,1426,1414,1407,1412,1404,1381,1381,1346),       
 ('Estonia',1785,1827,1796,1777,1771,1763,1767,1768,1724,1711,1654),
 ('Finland',1585,1578,1568,1560,1558,1555,1555,1549,1546,1539,1531),
 ('France',1540,1546,1541,1526,1518,1519,1522,1508,1514,1511,1402),
 ('Germany',1426,1427,1408,1397,1400,1401,1396,1389,1387,1383,1332),
 ('Greece',1931,1950,1990,1997,1949,1935,1943,1947,1965,1920,1728),
 ('Hungary',1766,1754,1738,1734,1749,1746,1760,1747,1730,1722,1660),
 ('Iceland',1528,1538,1523,1524,1513,1511,1520,1507,1496,1480,1435),
 ('Ireland',1721,1737,1738,1743,1757,1771,1763,1775,1782,1771,1746),
 ('Israel',1957,1947,1919,1908,1895,1895,1922,1918,1910,1898,1783),
 ('Italy',1777,1773,1734,1719,1716,1718,1722,1719,1719,1715,1559),
 ('Japan',1733,1728,1745,1734,1729,1719,1714,1709,1680,1644,1598),
 ('Korea',2163,2136,2119,2106,2076,2083,2068,2018,1993,1967,1908),
 ('Latvia',1692,1707,1692,1686,1695,1663,1664,1650,1661,1631,1577),
 ('Lithuania',1697,1674,1672,1657,1650,1673,1694,1657,1664,1665,1595),
 ('Luxembourg',1517,1515,1508,1503,1506,1514,1512,1506,1506,1506,1427),
 ('Mexico',2150,2121,2120,2136,2134,2140,2146,2149,2149,2139,2124),
 ('Netherlands',1420,1420,1411,1415,1426,1426,1437,1437,1436,1440,1399),
 ('NewZealand',1755,1746,1734,1756,1758,1753,1754,1756,1759,1783,1739),
 ('Norway',1395,1400,1396,1387,1390,1392,1395,1380,1379,1381,1369),
 ('Poland',1831,1822,1822,1817,1822,1862,1831,1808,1785,1781,1766),
 ('Portugal',1746,1724,1708,1718,1725,1732,1737,1727,1738,1745,1613),
 ('Slovakia',1805,1793,1789,1772,1760,1754,1740,1714,1704,1692,1572),
 ('Slovenia',1680,1663,1644,1662,1682,1687,1652,1622,1599,1601,1515),
 ('Spain',1706,1711,1697,1690,1691,1694,1702,1692,1699,1688,1577),
 ('Sweden',1484,1484,1472,1464,1465,1466,1478,1466,1466,1452,1424),
 ('Switzerland',1611,1608,1593,1573,1564,1577,1577,1559,1551,1549,1495),
 ('Turkey',1877,1864,1855,1832,1830,1811,1789,1775,1745,1732,0), 
 ('UK',1507,1515,1531,1534,1542,1525,1541,1536,1536,1537,1367),
 ('US',1772,1778,1782,1780,1782,1783,1778,1778,1782,1777,1767)